import numpy as np
from numpy.linalg import solve 
import itertools #重複組合せを求める
import time

class ClosedQueue_MVA:

    def __init__(self, N, K, p, mu, m):
        self.N = N #網内の拠点数(プログラム内部で指定する場合は1少なくしている)
        self.K = K #網内の客数
        self.p = p
        self.alpha = np.array([])#ノード到着率
        self.mu = mu
        self.rho = np.array([])
        self.pi = np.zeros((len(p),len(p)))
        self.m = m
        self.L = np.zeros(self.N)
        self.R = np.zeros(self.N)
        self.lmd = np.zeros(self.N)

    #閉鎖型ネットワークのノード到着率αを求める
    #https://mizunolab.sist.ac.jp/2019/09/bcmp-network1.html
    def getCloseTraffic(self):
        e = np.eye(len(self.p)-1) #次元を1つ小さくする
        pe = self.p[1:len(self.p), 1:len(self.p)].T - e #行と列を指定して次元を小さくする
        lmd = self.p[0, 1:len(self.p)] #0行1列からの値を右辺に用いる
        slv = solve(pe, lmd * (-1))
        self.alpha = np.insert(slv, 0, 1.0) #α1=1を追加
        return self.alpha
    
    def calcMVA(self):
        k = 0
        while(k < self.K):
            k += 1
            #Step3 Rの更新
            for i in range(self.N):
                self.R[i] = (self.L[i] + 1)/self.mu[i]
            #Step4 Lambdaの更新
            for i in range(self.N):
                sum = 0
                for j in range(self.N):
                    sum += self.alpha[j]*self.R[j] 
                if(i == 0):
                    self.lmd[i] = k/sum
                else: 
                    self.lmd[i] = self.alpha[i]*self.lmd[0]
            #Step5 Lの更新
            for i in range(self.N):
                self.L[i] = self.lmd[i]*self.R[i]
        return self.L, self.R, self.lmd
        
        
if __name__ == '__main__':
        #ガーデンパークモデル
    p = np.array([[0.0011003157101162463, 0.11024952952774816, 0.25380066059219375, 0.07343233522837377, 0.06562710435865776, 0.06991547626707886, 0.10609673473849808, 0.050680951566158115, 0.05416340360982934, 0.08843233248854096, 0.04622571708690421, 0.08027543882590069], [0.11224109903595923, 0.0011201920327369394, 0.22437474745112732, 0.0928160117262778, 0.06633208389032944, 0.07693487786139194, 0.0911065034259741, 0.05332880988786884, 0.056382385511375775, 0.09231541902287667, 0.04889709925335951, 0.08415077090072237], [0.12955652851817565, 0.11250332700140227, 0.0022466936586225217, 0.08550794194527646, 0.0776898265505006, 0.08511741760247529, 0.15651348601067064, 0.05643628307885522, 0.06111724492501443, 0.0963192863712463, 0.05063821571530522, 0.08635374862245535], [0.07665739572877639, 0.0951731533194184, 0.1748665012871232, 0.0011486402625580597, 0.07542601839408736, 0.10514011140095426, 0.08057724693680487, 0.0638584803679966, 0.06692754987640072, 0.10640262466933859, 0.057928360318264496, 0.09589391743827712], [0.06664181003065499, 0.06616251682383482, 0.15454719932124522, 0.07336991281425088, 0.001117328445981307, 0.10348905196528554, 0.08398618756577869, 0.07627412941786682, 0.09340052331976309, 0.11879790829042057, 0.06222474357179144, 0.09998868843312679], [0.0681419912175087, 0.07365285783380676, 0.16251497462228193, 0.0981619576858847, 0.09932815451211947, 0.0010724049589365796, 0.08165475365321273, 0.07076158082143474, 0.07888490198237387, 0.11033017852493987, 0.060002700564109945, 0.09549354362339066], [0.09668996596538912, 0.08155556536622668, 0.27942457521683006, 0.07034368131283429, 0.0753743734259102, 0.07635181447274138, 0.0010027593104024013, 0.051520265898476574, 0.05653585258439637, 0.08756788190780167, 0.04576475369666503, 0.07786851084232631], [0.049555419522444535, 0.0512192391518401, 0.10810312423511087, 0.059813367601586495, 0.07344464132470596, 0.07099085772581337, 0.05527708124300974, 0.0010758796931973325, 0.1237335345443852, 0.1766119256253121, 0.10286475980657848, 0.12731016952601582], [0.05390055332590845, 0.05511319101775745, 0.11914737822294351, 0.06380070548143595, 0.09153201937820726, 0.0805452004313421, 0.061735054057663746, 0.1259297376165996, 0.001094975973734647, 0.15076739806863848, 0.0805226919583598, 0.11591109446740913], [0.0515321453650312, 0.05284041535248883, 0.10995471190034087, 0.059395393320323064, 0.06817299833974819, 0.06596597171965457, 0.055992853305160135, 0.10525452414933562, 0.08828507837460474, 0.0025647465141094327, 0.13369713298865907, 0.2063440286705443], [0.046205696791962056, 0.04800868354393604, 0.09915707496628882, 0.05546721764192715, 0.06125075419973466, 0.06153768642090796, 0.050195363897146836, 0.10515552271976615, 0.08088032285832025, 0.2293331403860839, 0.001099839164884842, 0.1617086974090415], [0.054505112721089044, 0.05612256182278858, 0.11486010117757178, 0.062370452235229475, 0.06685623007833497, 0.06652533400798188, 0.0580145641621276, 0.0884038651827311, 0.0790846659133489, 0.24042482920081087, 0.10984393076216376, 0.0029883527358219083]])
    N = 12 #ノード数
    K = 10 #客数
    mu = [5, 5, 10, 5, 5, 5, 5, 5, 5, 10, 5, 10]
    m = [1, 1, 1, 1, 1, 1, 1, 1, 1, 1, 1, 1]

    start = time.time()
    
    qlib = ClosedQueue_MVA(N, K, p, mu, m)
    #閉鎖型 : ノード到着率を求める
    alpha = qlib.getCloseTraffic() #α1 = 1とする
    print('各ノードへの到着率 : {0}'.format(alpha))

    #MVAでの計算
    L, R, lmd = qlib.calcMVA()
    print('L = {}'.format(L))
    print('R = {}'.format(R))
    print('Lambda = {}'.format(lmd))